750
354
334
506
132
276
42
829
16
135
323
493
766
646
784
874
859
971
722
694
107
448
914
959
569
515
176
505
602
220
976
642
192
1
268
420
575
431
14
43
122
141
702
843
966
209
194
425
374
205
626
164
780
955
678
747
621
316
17
136
639
74
112
938
110
293
489
649
734
75
691
317
357
351
258
210
477
33
826
356
933
989
556
742
790
842
592
346
948
823
767
520
312
764
741
333
45
235
519
379
854
240
174
848
397
611
282
303
730
308
140
925
430
186
785
538
647
652
772
733
230
531
787
658
667
326
791
121
540
377
655
776
315
332
778
340
284
491
893
56
412
680
298
807
574
869
222
514
441
325
690
486
170
682
727
917
591
895
473
692
274
309
536
378
193
975
738
239
819
7
440
719
29
342
908
184
672
809
77
713
822
142
839
63
439
311
283
593
232
863
693
724
62
213
560
177
983
850
931
73
743
279
178
100
24
391
446
319
656
849
851
212
225
815
605
516
827
804
299
997
998
821
640
233
380
255
453
875
906
748
526
597
978
708
886
811
396
25
687
267
596
251
604
565
203
328
393
922
865
669
352
39
786
400
261
502
754
421
229
483
159
442
272
987
369
554
935
48
688
406
610
845
712
594
278
970
878
852
60
358
460
35
812
533
120
844
436
584
435
21
860
888
70
265
707
462
81
450
189
663
870
313
347
98
944
671
831
3
650
361
41
718
736
820
677
641
992
202
936
111
570
951
921
11
167
4
613
305
89
9
926
106
644
907
208
467
456
900
463
905
211
549
629
292
648
362
986
614
627
530
245
148
411
679
92
423
756
899
507
532
499
864
451
803
485
13
500
34
433
729
880
855
830
972
896
706
228
281
768
145
139
23
370
404
755
616
348
551
38
302
364
923
349
389
913
539
508
360
792
5
939
90
704
504
166
296
479
50
963
777
757
103
286
78
509
887
559
541
942
381
555
22
775
889
950
994
181
254
277
728
87
275
561
387
954
127
576
201
468
216
320
301
187
429
550
964
247
654
109
480
745
300
329
457
287
606
877
260
924
219
799
867
19
588
645
149
546
28
367
969
638
746
723
802
739
623
836
179
113
497
217
154
83
962
567
488
196
472
725
416
779
53 995
314
125
890
375 681
294
557
241
197
761
928 915
732
771
930 173
961 903
710 407
916 94
558 372
957 151
834 244
363 553
577 562
54 894
465 664
432 482
883 386
97 837
607 422
395 817
979 44
699 204
248 716
495 609
399 813
280 697
774 290
128 825
428 612
753 355
897 947
902 108
306 619
310 840
492 622
46 862
215 770
720 137
974 67
918 285
582 474
673 461
207 744
175 982
871 330
909 155
758 350
85 932
698 231
587 289
226 879
172 943
246 726
55 853
487 454
288 737
828 984
759 388
529 572
868 953
510 444
498 452
940 153
206 808
143 801
95 115
659 475
82 956
934 182
633 368
59 841
234 866
949 165
264 873
58 988
116 833
782 402
427 471
876 199
635 481
996 6
476 714
578 339
781 99
595 434
171 952
123 40
750 169
66 977
910 937
911 297
618 522
634 513
985 51
403 521
580 525
968 101
684 382
676 236
496 409
359 662
731 133
608 410
71 835
2 872
221 721
168 973
338 695
224 765
762 413
484 455
981 891
927 188
980 88
564 344
223 760
86 993
337 544
102 80
700 438
631 383
190 795
271 705
466 735
586 617
131 881
158 858
683 458
709 414
398 543
180 796
545 571
600 262
253 661
769 336
385 643
449 469
711 373
79 861
322 615
945 91
552 620
630 394
636 327
119 912
117 991
104 814
717 138
603 249
418 511
185 960
590 437
632 376
250 805
523 392
417 751
810 273
548 665
919 259
651 426
237 885
366 653
749 183
783 162
999 27
343 537
637 318
788 401
668 270
579 528
542 670
990 157
295 846
57 10
563 534
601 490
503 566
657 405
838 227
478 624
152 797
291 856
599 518
335 674
789 371
266 763
568 341
958 146
696 242
752 415
445 470
384 494
585 459
818 252
501 573
47 147
598 263
628 443
269 701
191 929
257 703
798 118
589 524
218 794
946 105
198 920
84 847
419 740
892 114
535 424
161 832
904 195
898 243
512 408
331 675
901 200
464 583
884 256
527 686
214 800
517 547
324 581
715 365
965 124
666 304
69 8
36 156
824 49
941 150
773 130
793 72
967 18
61 144
806 52
816 345
882 321
65 134
163 12
76 129
390 625
238 857
660 307
353 689
68 15
126 32
160 30
96 93
64 20
0 31
685 447
37 26
